573
623
632
817
1392
1502
1597
1685
1766
1894
1911
29466
31958
40518
47678
71421
83332
83333
83558
85962
93061
99287
100226
122586
166486
169963
171101
176280
190304
192222
195103
196600
199310
206672
208435
208964
210007
220668
224308
224326
224914
226185
226186
226900
242231
243273
243276
243277
257309
257313
272559
272560
272561
272563
272621
272624
272634
295405
300267
301447
333849
342451
349741
367928
392021
395019
401614
411459
411460
411461
411464
411468
411470
411476
411902
411903
435590
435591
441771
445974
470146
479437
515619
515620
518634
522373
529507
536231
537011
537937
561007
563192
568703
568814
575584
585394
585397
610130
626937
637910
645463
649756
709991
716541
718252
760570
871585
997892
999420
1028307
1200793
1235787
1339349
