TIPXEP  XSP Massa  NumAt
Cl 0.27 3.47 35.50  17  0.000
Na 0.01 3.33 23.00  11  0.000
Zn 0.01 1.95 65.40  30  0.000
Mg 0.89 1.41 24.30  12  0.000
C  0.09 3.40 12.00   6  0.019
N  0.17 3.25 14.00   7 -0.039
P  0.20 3.74 31.00  15  0.000
S  0.25 3.56 32.00  16  0.026
HW 0.00 0.00  1.01   1  0.000 H Wat TIP3P
HO 0.00 0.00  1.01   1 -0.1515 H-O 
HN 0.02 1.07  1.01   1 -0.115 H-N H-S
H  0.02 2.65  1.01   1  0.124  H-C
F  0.06 3.12 19.00   9 -0.047 
OW 0.15 3.15 16.00   8 -0.031  O Wat TIP3P
O  0.21 2.96 16.00   8 -0.031 
IP 0.01 3.33 23.00  11  0.000
IM 0.10 4.40 35.50  17  0.000
I  0.40 4.18126.90  53  0.000
